12589.25	106.83013325061562
11885.04	106.83009872874378
11220.19	106.8300605709944
10592.56	106.83001837183268
10000.	106.8299716696203
9440.606	106.82991995771536
8912.53	106.82986266681114
8413.95	106.82979915026466
7943.284	106.82972870344072
7498.942	106.82965052367811
7079.457	106.8295637199227
6683.455	106.82946729776268
6309.586	106.82936013064818
5956.636	106.82924097445904
5623.426	106.82910842530073
5308.843	106.82896091170768
5011.873	106.8287966983685
4731.512	106.82861380358466
4466.837	106.82841003416591
4216.965	106.82818292051078
3981.071	106.82792970553315
3758.375	106.82764729719489
3548.141	106.82733223428002
3349.663	106.82698061927249
3162.285	106.82658809745739
2985.382	106.82614977324754
2818.396	106.82566024699067
2660.725	106.82511326629012
2511.887	106.82450205725132
2371.374	106.82381886493631
2238.721	106.8230550238165
2113.489	106.8222008376578
1995.262	106.82124541971086
1883.65	106.82017657352104
1778.279	106.81898054117468
1678.808	106.8176420374804
1584.893	106.81614358176662
1496.235	106.81446596128593
1412.538	106.81258743796701
1333.521	106.81048359224478
1258.929	106.80812702146179
1188.502	106.80548641181255
1122.018	106.80252791778341
1059.254	106.7992119082917
1000.	106.79549521253706
944.0607	106.7913287502728
891.253	106.78665752605218
841.3969	106.78141619068802
794.3284	106.77554406386656
749.8942	106.76895423836211
707.9456	106.76156169056563
668.344	106.75326763280742
630.9573	106.74396080237244
595.6623	106.73351653153227
562.3413	106.72179429987523
530.8843	106.70863657389519
501.1873	106.69386647944376
473.1523	106.67728541854123
446.6847	106.65866917705516
421.6965	106.63776656038903
398.1071	106.61429834293142
375.8391	106.58795065544267
354.8134	106.55836459127546
334.9655	106.52515160791265
316.2278	106.48786817063136
298.5382	106.44602150952267
281.8383	106.39906376401206
266.0725	106.34638396587768
251.1887	106.2873040951888
237.1374	106.22107457745223
223.8727	106.14687039149253
211.3489	106.06376876473402
199.5262	105.97078247916376
188.3658	105.8668282369986
177.8279	105.75069430083374
167.8804	105.62113217252183
158.4893	105.47676250146178
149.6236	105.31613247155332
141.2538	105.13771138882761
133.3521	104.93990670714113
125.8925	104.72107102705202
118.8505	104.4795471890581
112.2021	104.21369032738757
105.9254	103.9218628179286
100.	103.60261775160397
94.40609	103.25459401208714
89.12511	102.8766513323176
84.1395	102.46792685639079
79.43282	102.02791523010727
74.98942	101.55651487139518
70.79458	101.05410896499097
66.8344	100.52161809050925
63.09573	99.96054146687341
59.56636	99.373023546453
56.23413	98.76171488648083
53.08845	98.13002419638737
50.11873	97.48180267444943
47.31512	96.82140371779704
44.66836	96.1535625245345
42.16965	95.4832445252777
39.81072	94.81552423888432
37.58374	94.15541470650098
35.48133	93.5077227643753
33.49654	92.87690737257901
31.62278	92.26694262489436
29.85389	91.6812553081245
28.18383	91.12257327047473
26.60725	90.59310694059013
25.11886	90.0943681858704
23.71374	89.62733318220927
22.38721	89.19248417663377
21.13489	88.78992179816038
19.95262	88.41942842719193
18.83649	88.08055448879452
17.78279	87.77265444171994
16.78804	87.49491899513663
15.84893	87.24635527449992
14.96235	87.02577321252139
14.12541	86.83175794292855
13.33521	86.66259209152884
12.58925	86.51632814876734
11.88502	86.39071022277534
11.22018	86.28326413845522
10.59254	86.19132458900185
10.	86.11215159938838
8.912509	85.98118792405653
7.943287	85.86984484653564
7.079464	85.76091043924039
6.309576	85.6410845026335
5.623413	85.50024460690985
5.011872	85.33003338011099
4.466839	85.12248545706066
3.981072	84.86907107297938
3.548136	84.56027385032982
3.162278	84.18553073631358
2.818383	83.73360369422882
2.511888	83.19325766917062
2.371377	82.8866781620263
2.238722	82.55433627851394
2.113489	82.19538312907017
1.995263	81.80922423482792
1.88365	81.39557134125576
1.778279	80.95450078651734
1.678806	80.48652104451665
1.584893	79.99250318561442
1.496236	79.47382196190836
1.412538	78.93219874506521
1.333521	78.36970248988415
1.258927	77.7886775007282
1.188502	77.19148498431481
1.122019	76.58049690328241
1.059254	75.9577139305995
1.	75.32463906400879
0.9440617	74.68202936260066
0.891251	74.02967447299152
0.8413955	73.3664083818124
0.7943284	72.69003560508561
0.7498942	71.99760137138338
0.7079459	71.28571046011498
0.6683444	70.55098513537878
0.6309577	69.7905096708283
0.5956623	69.00220016376232
0.5623413	68.18493434783674
0.5308846	67.3385665699741
0.5011872	66.46319477578794
0.4731517	65.55889348100666
0.4466837	64.62471640405958
0.4216965	63.65853743450103
0.3981073	62.65628395788907
0.3758374	61.611463511232934
0.3548135	60.51556488369599
0.3349657	59.35808877117522
0.3162279	58.127212625298625
0.2985383	56.810784639283085
0.2818383	55.39737065979729
0.2660725	53.87701877910313
0.2511887	52.24071965153291
0.2371376	50.477054920388554
0.2238722	48.56450965512744
0.2113489	46.460049386321224
0.1995262	44.08960382128579
0.1883649	41.358258677746484
0.1778279	38.2034406801623
0.1678806	34.68808414390425
0.1584893	31.059473342641233
0.1496236	27.677980643683913
0.1412538	24.837721659516074
0.1333521	22.64053945547131
0.1258925	21.01429002333035
0.1188502	19.810465447416284
0.1122018	18.886278409660353
0.1059253	18.270604480723335
0.1	17.790909271614176
0.09440609	17.37960260083135
0.0891251	17.01996356803523
0.0841395	16.702824323067837
0.07943282	16.423310292427267
0.07498942	16.176059309669636
0.07079458	15.95075011254616
0.0668344	15.737661270980617
0.06309573	15.529830701350319
0.05956621	15.323474200396397
0.05623413	15.116630191235
0.05308845	14.90799800989559
0.05011873	14.696786118387102
0.04731512	14.48261601018576
0.04466836	14.265456497219319
0.04216965	14.04556769236324
0.03981072	13.823474057914225
0.03548133	13.375907590619041
0.03162277	12.931168874162248
0.02818383	12.500066098493111
0.02511886	12.094520494104062
0.02238721	11.726642002294026
0.01995262	11.40851065431338
0.01778279	11.16784905359062
0.01584893	11.01936395741044
0.01412538	10.933798095546102
0.01258925	10.883042900811887
0.01122018	10.854253015865698
0.01	10.839516261530184
0.00891251	10.830262966522577
0.007943284	10.828663672652938
0.007079456	10.829632875766563
0.006309573	10.830362792733304
0.005623413	10.829607245014772
0.005011873	10.827027219391397
0.004466837	10.823062106829186
0.003981071	10.818393016345535
0.003548133	10.813229804268914
0.003162278	10.808342648321233
0.002818383	10.804280041810959
0.002511887	10.799796779602048
0.002238721	10.793721153932928
0.001995262	10.784353731792262
0.001778279	10.770397001514551
0.001584893	10.751719880647041
0.001412538	10.728631651079976
0.001258925	10.701741963148462
0.001122018	10.671344326479137
0.001	10.633237963448595
0.000891251	10.5837550113618
0.0007943284	10.519777184469318
0.0007079456	10.438711007120082
0.0006309572	10.338061076527428
0.0005623413	10.214243446524653
0.0005011873	10.058741886209706
0.0004466837	9.86544722154907
0.0003981071	9.629400236914801
0.0003548134	9.34735666901516
0.0003162278	9.004945997313449
0.0002818383	8.59272412826912
0.0002511887	8.110562981100895
0.0002238721	7.565345088523602
0.0001995262	6.966653007554108
0.0001778279	6.3378244676190505
0.0001584893	5.729743738488504
0.0001412538	5.176494100923132
0.0001258925	4.699955519868076
0.0001122018	4.311795908796243
0.0001	4.010198129773113
0.00008912505	3.7852650189441097
0.00007943284	3.625728341520035
0.00007079457	3.519344829521717
0.00006309577	3.453610244152752
0.00005623413	3.4164737390274778
0.0000501187	3.397384665342941
0.00004466837	3.3880979601898797
0.00003981071	3.385486472849145
0.00003548135	3.384272196398329
0.00003162278	3.3839728147933616
0.00002818382	3.3838910537628344
0.00002511887	3.3838764452408485
0.00002238721	3.3838741527434895
0.00001995263	3.3838739731485825
0.	3.3838746459426243